ИНТЕГРАЛ БЫСТРООСЦИЛЛИРУЮЩЕЙ ФУНКЦИИ
I = int_0^3 sin(100x) * exp(-x²) * cos(2x) dx

СРАВНЕНИЕ МЕТОДОВ ЧИСЛЕННОГО ИНТЕГРИРОВАНИЯ
===========================================
Метод средних прямоугольников: 1.000610161032e-02
Метод трапеций: 1.000609036036e-02
Метод Симпсона: 1.000609786034e-02
Правило 3/8       : 1.000609786034e-02
Гаусс 2 узла    : 1.603107174135e-01
Гаусс 3 узла    : 4.936702473578e-01
Гаусс 4 узла    : 5.658937687533e-01

АНАЛИЗ СХОДИМОСТИ МЕТОДА СИМПСОНА:
N		I_h				Погрешность (правило Рунге)
1000		1.000655355964e-02		0.000000000000e+00
2000		1.000612611145e-02		2.849654580361e-08
4000		1.000609962246e-02		1.765932672431e-09
8000		1.000609797041e-02		1.101369665607e-10
16000		1.000609786721e-02		6.879906251182e-12
32000		1.000609786076e-02		4.299398799941e-13
64000		1.000609786036e-02		2.687306395928e-14

ДАННЫЕ ДЛЯ ГРАФИКА ФУНКЦИИ:
x		f(x)
0.000000000000e+00		0.000000000000e+00
3.000000000000e-03		2.955122276916e-01
6.000000000000e-03		5.645814943252e-01
9.000000000000e-03		7.831365774624e-01
1.200000000000e-02		9.316365062782e-01
1.500000000000e-02		9.968218373772e-01
1.800000000000e-02		9.729013746476e-01
2.100000000000e-02		8.620678721276e-01
2.400000000000e-02		6.742966895849e-01
2.700000000000e-02		4.264459193537e-01
3.000000000000e-02		1.407393458132e-01
3.300000000000e-02		-1.572309309698e-01
3.600000000000e-02		-4.408022756314e-01
3.900000000000e-02		-6.846329160544e-01
4.200000000000e-02		-8.669719724863e-01
4.500000000000e-02		-9.716043001445e-01
4.800000000000e-02		-9.892958411735e-01
5.100000000000e-02		-9.186103529351e-01
5.400000000000e-02		-7.660251147551e-01
5.700000000000e-02		-5.453363823100e-01
6.000000000000e-02		-2.764092530092e-01
6.300000000000e-02		1.661453410481e-02
6.600000000000e-02		3.074888110488e-01
6.900000000000e-02		5.702193094319e-01
7.200000000000e-02		7.813920707190e-01
7.500000000000e-02		9.222648902176e-01
7.800000000000e-02		9.804345446822e-01
8.100000000000e-02		9.509311547513e-01
8.400000000000e-02		8.366429184477e-01
8.700000000000e-02		6.480349111880e-01
9.000000000000e-02		4.021892102707e-01
9.300000000000e-02		1.212545315138e-01
9.600000000000e-02		-1.695536199717e-01
9.900000000000e-02		-4.442213185199e-01
1.020000000000e-01		-6.782685865448e-01
1.050000000000e-01		-8.509361710258e-01
1.080000000000e-01		-9.470309402880e-01
1.110000000000e-01		-9.582654870696e-01
1.140000000000e-01		-8.839735785029e-01
1.170000000000e-01		-7.311396275284e-01
1.200000000000e-01		-5.137422418585e-01
1.230000000000e-01		-2.514735413530e-01
1.260000000000e-01		3.204822805080e-02
1.290000000000e-01		3.114102216667e-01
1.320000000000e-01		5.616878827509e-01
1.350000000000e-01		7.606736597392e-01
1.380000000000e-01		8.908518225598e-01
1.410000000000e-01		9.409433828411e-01
1.440000000000e-01		9.068845780056e-01
1.470000000000e-01		7.921539262650e-01
1.500000000000e-01		6.074217983628e-01
1.530000000000e-01		3.695574388532e-01
1.560000000000e-01		1.000859029026e-01
1.590000000000e-01		-1.767637085590e-01
1.620000000000e-01		-4.362413911629e-01
1.650000000000e-01		-6.552936332298e-01
1.680000000000e-01		-8.146159785396e-01
1.710000000000e-01		-9.003576181138e-01
1.740000000000e-01		-9.053271977986e-01
1.770000000000e-01		-8.295947223942e-01
1.800000000000e-01		-6.804393076680e-01
1.830000000000e-01		-4.716515837273e-01
1.860000000000e-01		-2.222574452196e-01
1.890000000000e-01		4.521862845449e-02
1.920000000000e-01		3.067918940779e-01
1.950000000000e-01		5.391724946006e-01
1.980000000000e-01		7.218433915414e-01
2.010000000000e-01		8.388753057073e-01
2.040000000000e-01		8.803178073969e-01
2.070000000000e-01		8.430448969273e-01
2.100000000000e-01		7.309832711934e-01
2.130000000000e-01		5.547074182656e-01
2.160000000000e-01		3.304426398880e-01
2.190000000000e-01		7.856993729784e-02
2.220000000000e-01		-1.782293151694e-01
2.250000000000e-01		-4.170197330246e-01
2.280000000000e-01		-6.166643457264e-01
2.310000000000e-01		-7.596990583626e-01
2.340000000000e-01		-8.338626109570e-01
2.370000000000e-01		-8.331478031252e-01
2.400000000000e-01		-7.582838538317e-01
2.430000000000e-01		-6.166115948366e-01
2.460000000000e-01		-4.213680222965e-01
2.490000000000e-01		-1.904495941840e-01
2.520000000000e-01		5.523017839920e-02
2.550000000000e-01		2.936379350967e-01
2.580000000000e-01		5.036000746640e-01
2.610000000000e-01		6.666865872348e-01
2.640000000000e-01		7.688312063833e-01
2.670000000000e-01		8.015452450125e-01
2.700000000000e-01		7.626203231974e-01
2.730000000000e-01		6.562620901056e-01
2.760000000000e-01		4.926486781626e-01
2.790000000000e-01		2.869593123834e-01
2.820000000000e-01		5.796557964495e-02
2.850000000000e-01		-1.736838488703e-01
2.880000000000e-01		-3.873281096025e-01
2.910000000000e-01		-5.641399571442e-01
2.940000000000e-01		-6.887873183485e-01
2.970000000000e-01		-7.507637410056e-01
3.000000000000e-01		-7.452722113515e-01
3.030000000000e-01		-6.735881752081e-01
3.060000000000e-01		-5.428751628165e-01
3.090000000000e-01		-3.654758377325e-01
3.120000000000e-01		-1.577480969123e-01
3.150000000000e-01		6.144414050424e-02
3.180000000000e-01		2.724461269162e-01
3.210000000000e-01		4.565773135857e-01
3.240000000000e-01		5.977874759533e-01
3.270000000000e-01		6.840569112263e-01
3.300000000000e-01		7.084184626883e-01
3.330000000000e-01		6.695145858323e-01
3.360000000000e-01		5.716454889815e-01
3.390000000000e-01		4.243106096194e-01
3.420000000000e-01		2.412911228315e-01
3.450000000000e-01		3.936174010859e-02
3.480000000000e-01		-1.632478434073e-01
3.510000000000e-01		-3.485006369110e-01
3.540000000000e-01		-5.001600739588e-01
3.570000000000e-01		-6.052142832038e-01
3.600000000000e-01		-6.549918711626e-01
3.630000000000e-01		-6.458736067887e-01
3.660000000000e-01		-5.795420110227e-01
3.690000000000e-01		-4.627531521117e-01
3.720000000000e-01		-3.066580546026e-01
3.750000000000e-01		-1.257411530089e-01
3.780000000000e-01		6.352340002799e-02
3.810000000000e-01		2.441729366574e-01
3.840000000000e-01		4.002780889422e-01
3.870000000000e-01		5.183485466618e-01
3.900000000000e-01		5.884986039291e-01
3.930000000000e-01		6.052718296196e-01
3.960000000000e-01		5.680563750301e-01
3.990000000000e-01		4.810602669457e-01
4.020000000000e-01		3.528560282230e-01
4.050000000000e-01		1.955424832383e-01
4.080000000000e-01		2.360519474270e-02
4.110000000000e-01		-1.474173062477e-01
4.140000000000e-01		-3.023386848703e-01
4.170000000000e-01		-4.276742073093e-01
4.200000000000e-01		-5.128144050654e-01
4.230000000000e-01		-5.509208649075e-01
4.260000000000e-01		-5.394687433610e-01
4.290000000000e-01		-4.803936601203e-01
4.320000000000e-01		-3.798369133237e-01
4.350000000000e-01		-2.475191520271e-01
4.380000000000e-01		-9.580547459416e-02
4.410000000000e-01		6.144850616125e-02
4.440000000000e-01		2.101620644277e-01
4.470000000000e-01		3.372906549272e-01
4.500000000000e-01		4.319700734339e-01
4.530000000000e-01		4.864431407023e-01
4.560000000000e-01		4.966900459905e-01
4.590000000000e-01		4.627116593726e-01
4.620000000000e-01		3.884473170579e-01
4.650000000000e-01		2.813418162900e-01
4.680000000000e-01		1.516076044351e-01
4.710000000000e-01		1.125462677537e-02
4.740000000000e-01		-1.270202886493e-01
4.770000000000e-01		-2.509818960085e-01
4.800000000000e-01		-3.499389724064e-01
4.830000000000e-01		-4.156649939831e-01
4.860000000000e-01		-4.430779062964e-01
4.890000000000e-01		-4.306232355547e-01
4.920000000000e-01		-3.803327052857e-01
4.950000000000e-01		-2.975603495757e-01
4.980000000000e-01		-1.904271093129e-01
5.010000000000e-01		-6.903045564222e-02
5.040000000000e-01		5.550453338914e-02
5.070000000000e-01		1.720436861810e-01
5.100000000000e-01		2.704386751597e-01
5.130000000000e-01		3.424095195956e-01
5.160000000000e-01		3.822380331228e-01
5.190000000000e-01		3.872144739558e-01
5.220000000000e-01		3.578033085806e-01
5.250000000000e-01		2.975201696097e-01
5.280000000000e-01		2.125383417062e-01
5.310000000000e-01		1.110670615024e-01
5.340000000000e-01		2.563449459517e-03
5.370000000000e-01		-1.031466622200e-01
5.400000000000e-01		-1.967574526879e-01
5.430000000000e-01		-2.703010953934e-01
5.460000000000e-01		-3.178232174583e-01
5.490000000000e-01		-3.358588479074e-01
5.520000000000e-01		-3.236714435147e-01
5.550000000000e-01		-2.832400320345e-01
5.580000000000e-01		-2.190027185373e-01
5.610000000000e-01		-1.373866273657e-01
5.640000000000e-01		-4.617284734004e-02
5.670000000000e-01		4.624148528842e-02
5.700000000000e-01		1.316142962961e-01
5.730000000000e-01		2.025922232440e-01
5.760000000000e-01		2.533416313662e-01
5.790000000000e-01		2.800230771547e-01
5.820000000000e-01		2.810711411865e-01
5.850000000000e-01		2.572603949783e-01
5.880000000000e-01		2.115583007957e-01
5.910000000000e-01		1.487851980824e-01
5.940000000000e-01		7.511845127965e-02
5.970000000000e-01		-2.509158160227e-03
6.000000000000e-01		-7.705869361309e-02
6.030000000000e-01		-1.420214309451e-01
6.060000000000e-01		-1.919849636306e-01
6.090000000000e-01		-2.230800140121e-01
6.120000000000e-01		-2.332714831238e-01
6.150000000000e-01		-2.224727688026e-01
6.180000000000e-01		-1.924792880238e-01
6.210000000000e-01		-1.467338469934e-01
6.240000000000e-01		-8.995147314040e-02
6.270000000000e-01		-2.764322882115e-02
6.300000000000e-01		3.441363301689e-02
6.330000000000e-01		9.070862508948e-02
6.360000000000e-01		1.364851527474e-01
6.390000000000e-01		1.681389508130e-01
6.420000000000e-01		1.834948021976e-01
6.450000000000e-01		1.819410456499e-01
6.480000000000e-01		1.644153507911e-01
6.510000000000e-01		1.332492862538e-01
6.540000000000e-01		9.189201253335e-02
6.570000000000e-01		4.454383929256e-02
6.600000000000e-01		-4.262491703406e-03
6.630000000000e-01		-5.009164915300e-02
6.660000000000e-01		-8.900624217532e-02
6.690000000000e-01		-1.179020884846e-01
6.720000000000e-01		-1.347499675748e-01
6.750000000000e-01		-1.387256532272e-01
6.780000000000e-01		-1.302213705066e-01
6.810000000000e-01		-1.107433426859e-01
6.840000000000e-01		-8.271067546034e-02
6.870000000000e-01		-4.917949333075e-02
6.900000000000e-01		-1.352224130154e-02
6.930000000000e-01		2.090507452688e-02
6.960000000000e-01		5.107535830814e-02
6.990000000000e-01		7.455379050741e-02
7.020000000000e-01		8.968943793341e-02
7.050000000000e-01		9.572054626480e-02
7.080000000000e-01		9.278809304969e-02
7.110000000000e-01		8.186142691879e-02
7.140000000000e-01		6.458825872780e-02
7.170000000000e-01		4.308810178234e-02
7.200000000000e-01		1.971287099422e-02
7.230000000000e-01		-3.199620981382e-03
7.260000000000e-01		-2.355418229150e-02
7.290000000000e-01		-3.968683562032e-02
7.320000000000e-01		-5.049677193330e-02
7.350000000000e-01		-5.551163130003e-02
7.380000000000e-01		-5.488347556138e-02
7.410000000000e-01		-4.932014270585e-02
7.440000000000e-01		-3.996317336482e-02
7.470000000000e-01		-2.822853552426e-02
7.500000000000e-01		-1.562947777051e-02
7.530000000000e-01		-3.601763796113e-03
7.560000000000e-01		6.649733312275e-03
7.590000000000e-01		1.426735394942e-02
7.620000000000e-01		1.880898913911e-02
7.650000000000e-01		2.026334508605e-02
7.680000000000e-01		1.901320255190e-02
7.710000000000e-01		1.575355589090e-02
7.740000000000e-01		1.137637589408e-02
7.770000000000e-01		6.837138770564e-03
7.800000000000e-01		3.019866451389e-03
7.830000000000e-01		6.170975796955e-04
7.860000000000e-01		3.903188138729e-05
7.890000000000e-01		1.362340094806e-03
7.920000000000e-01		4.324250663185e-03
7.950000000000e-01		8.362072877273e-03
7.980000000000e-01		1.269290904941e-02
8.010000000000e-01		1.642354900690e-02
8.040000000000e-01		1.867695590451e-02
8.070000000000e-01		1.871973805646e-02
8.100000000000e-01		1.607477839398e-02
8.130000000000e-01		1.060478583039e-02
8.160000000000e-01		2.555767246714e-03
8.190000000000e-01		-7.446058503910e-03
8.220000000000e-01		-1.844506716610e-02
8.250000000000e-01		-2.925039290414e-02
8.280000000000e-01		-3.856395984082e-02
8.310000000000e-01		-4.512873596312e-02
8.340000000000e-01		-4.788084927485e-02
8.370000000000e-01		-4.608825216891e-02
8.400000000000e-01		-3.945956080318e-02
8.430000000000e-01		-2.820946391271e-02
8.460000000000e-01		-1.307142562337e-02
8.490000000000e-01		4.746135511420e-03
8.520000000000e-01		2.365798554214e-02
8.550000000000e-01		4.184636816163e-02
8.580000000000e-01		5.743802951831e-02
8.610000000000e-01		6.869656743383e-02
8.640000000000e-01		7.421043566803e-02
8.670000000000e-01		7.305667386649e-02
8.700000000000e-01		6.492225184944e-02
8.730000000000e-01		5.016867517868e-02
8.760000000000e-01		2.983085658833e-02
8.790000000000e-01		5.547702499424e-03
8.820000000000e-01		-2.057123891141e-02
8.850000000000e-01		-4.613206552083e-02
8.880000000000e-01		-6.867901110113e-02
8.910000000000e-01		-8.593220102474e-02
8.940000000000e-01		-9.601752642928e-02
8.970000000000e-01		-9.766554043336e-02
9.000000000000e-01		-9.035864271250e-02
9.030000000000e-01		-7.441031222243e-02
9.060000000000e-01		-5.096637468270e-02
9.090000000000e-01		-2.192567356062e-02
9.120000000000e-01		1.021465366138e-02
9.150000000000e-01		4.257657128807e-02
9.180000000000e-01		7.216202931736e-02
9.210000000000e-01		9.613340735940e-02
9.240000000000e-01		1.120870652490e-01
9.270000000000e-01		1.182935345837e-01
9.300000000000e-01		1.138804395854e-01
9.330000000000e-01		9.893916104421e-02
9.360000000000e-01		7.454312401748e-02
9.390000000000e-01		4.267377261590e-02
9.420000000000e-01		6.059029348912e-03
9.450000000000e-01		-3.206250868058e-02
9.480000000000e-01		-6.823102691061e-02
9.510000000000e-01		-9.908245966603e-02
9.540000000000e-01		-1.216636731239e-01
9.570000000000e-01		-1.337161523678e-01
9.600000000000e-01		-1.339008753758e-01
9.630000000000e-01		-1.219420863980e-01
9.660000000000e-01		-9.867490977355e-02
9.690000000000e-01		-6.599052150968e-02
9.720000000000e-01		-2.668211195379e-02
9.750000000000e-01		1.579576108432e-02
9.780000000000e-01		5.763350108089e-02
9.810000000000e-01		9.501106653569e-02
9.840000000000e-01		1.244494006615e-01
9.870000000000e-01		1.431361449292e-01
9.900000000000e-01		1.491949949383e-01
9.930000000000e-01		1.418728615859e-01
9.960000000000e-01		1.216262850958e-01
9.990000000000e-01		9.009766221123e-02
1.002000000000e+00		4.998195667012e-02
1.005000000000e+00		4.794736143256e-03
1.008000000000e+00		-4.143833467699e-02
1.011000000000e+00		-8.454289189323e-02
1.014000000000e+00		-1.205754688146e-01
1.017000000000e+00		-1.461865387605e-01
1.020000000000e+00		-1.589333937370e-01
1.023000000000e+00		-1.575135171840e-01
1.026000000000e+00		-1.418961380410e-01
1.029000000000e+00		-1.133388157415e-01
1.032000000000e+00		-7.428637057088e-02
1.035000000000e+00		-2.816028231650e-02
1.038000000000e+00		2.094316603653e-02
1.041000000000e+00		6.861916886342e-02
1.044000000000e+00		1.105521217512e-01
1.047000000000e+00		1.429086478120e-01
1.050000000000e+00		1.626899298726e-01
1.053000000000e+00		1.680108102306e-01
1.056000000000e+00		1.582795953540e-01
1.059000000000e+00		1.342614185694e-01
1.062000000000e+00		9.801856315210e-02
1.065000000000e+00		5.273236960134e-02
1.068000000000e+00		2.422215332505e-03
1.071000000000e+00		-4.841343878889e-02
1.074000000000e+00		-9.520167377360e-02
1.077000000000e+00		-1.337087997680e-01
1.080000000000e+00		-1.604254781759e-01
1.083000000000e+00		-1.728880743254e-01
1.086000000000e+00		-1.699066914426e-01
1.089000000000e+00		-1.516787185865e-01
1.092000000000e+00		-1.197770759925e-01
1.095000000000e+00		-7.701371969311e-02
1.098000000000e+00		-2.719033474755e-02
1.101000000000e+00		2.524153770475e-02
1.104000000000e+00		7.558037703776e-02
1.107000000000e+00		1.192984482498e-01
1.110000000000e+00		1.524510671112e-01
1.113000000000e+00		1.720341979960e-01
1.116000000000e+00		1.762578283108e-01
1.119000000000e+00		1.647101500304e-01
1.122000000000e+00		1.383974531172e-01
1.125000000000e+00		9.965589978893e-02
1.128000000000e+00		5.194297687743e-02
1.131000000000e+00		-4.726441211990e-04
1.134000000000e+00		-5.289487045007e-02
1.137000000000e+00		-1.006229030283e-01
1.140000000000e+00		-1.393746759321e-01
1.143000000000e+00		-1.656727109667e-01
1.146000000000e+00		-1.771574757824e-01
1.149000000000e+00		-1.727999026120e-01
1.152000000000e+00		-1.529938654248e-01
1.155000000000e+00		-1.195202934055e-01
1.158000000000e+00		-7.538622760517e-02
1.161000000000e+00		-2.455344756638e-02
1.164000000000e+00		2.841872283225e-02
1.167000000000e+00		7.878408151621e-02
1.170000000000e+00		1.220365408349e-01
1.173000000000e+00		1.543148783025e-01
1.176000000000e+00		1.727487514423e-01
1.179000000000e+00		1.757148593095e-01
1.182000000000e+00		1.629803173564e-01
1.185000000000e+00		1.357205551055e-01
1.188000000000e+00		9.641041358383e-02
1.191000000000e+00		4.859857794626e-02
1.194000000000e+00		-3.414008920109e-03
1.197000000000e+00		-5.496249366686e-02
1.200000000000e+00		-1.014380227751e-01
1.203000000000e+00		-1.387012804527e-01
1.206000000000e+00		-1.634524204325e-01
1.209000000000e+00		-1.735242231828e-01
1.212000000000e+00		-1.680723582214e-01
1.215000000000e+00		-1.476460127914e-01
1.218000000000e+00		-1.141330046310e-01
1.221000000000e+00		-7.058483938318e-02
1.224000000000e+00		-2.093797401989e-02
1.227000000000e+00		3.034316807830e-02
1.230000000000e+00		7.866894968661e-02
1.233000000000e+00		1.197365892604e-01
1.236000000000e+00		1.499144361269e-01
1.239000000000e+00		1.665640317436e-01
1.242000000000e+00		1.682713206411e-01
1.245000000000e+00		1.549667102569e-01
1.248000000000e+00		1.279237996677e-01
1.251000000000e+00		8.963757894857e-02
1.254000000000e+00		4.359374669793e-02
1.257000000000e+00		-6.049475381113e-03
1.260000000000e+00		-5.483790692107e-02
1.263000000000e+00		-9.842215649296e-02
1.266000000000e+00		-1.329463984668e-01
1.269000000000e+00		-1.553903375190e-01
1.272000000000e+00		-1.638339616920e-01
1.275000000000e+00		-1.576218356397e-01
1.278000000000e+00		-1.374128808757e-01
1.281000000000e+00		-1.051119857394e-01
1.284000000000e+00		-6.369043827291e-02
1.287000000000e+00		-1.691211807930e-02
1.290000000000e+00		3.100927262635e-02
1.293000000000e+00		7.579065319502e-02
1.296000000000e+00		1.134632550115e-01
1.299000000000e+00		1.407251087738e-01
1.302000000000e+00		1.552309583345e-01
1.305000000000e+00		1.557941072871e-01
1.308000000000e+00		1.424828257111e-01
1.311000000000e+00		1.166035602161e-01
1.314000000000e+00		8.057342194809e-02
1.317000000000e+00		3.769434785536e-02
1.320000000000e+00		-8.149950294242e-03
1.323000000000e+00		-5.284639122651e-02
1.326000000000e+00		-9.242224750318e-02
1.329000000000e+00		-1.233988899409e-01
1.332000000000e+00		-1.430979997133e-01
1.335000000000e+00		-1.498732574496e-01
1.338000000000e+00		-1.432474631795e-01
1.341000000000e+00		-1.239437196191e-01
1.344000000000e+00		-9.380892642810e-02
1.347000000000e+00		-5.563751054890e-02
1.350000000000e+00		-1.291218654245e-02
1.353000000000e+00		3.051418846929e-02
1.356000000000e+00		7.076656552067e-02
1.359000000000e+00		1.042939904973e-01
1.362000000000e+00		1.281832375349e-01
1.365000000000e+00		1.404120572583e-01
1.368000000000e+00		1.400200198862e-01
1.371000000000e+00		1.271825596534e-01
1.374000000000e+00		1.031826616314e-01
1.377000000000e+00		7.028386759445e-02
1.380000000000e+00		3.151707975342e-02
1.383000000000e+00		-9.598775996482e-03
1.386000000000e+00		-4.937646950296e-02
1.389000000000e+00		-8.429149110561e-02
1.392000000000e+00		-1.112946319387e-01
1.395000000000e+00		-1.280783740244e-01
1.398000000000e+00		-1.332738130844e-01
1.401000000000e+00		-1.265613395646e-01
1.404000000000e+00		-1.086862313370e-01
1.407000000000e+00		-8.137893571201e-02
1.410000000000e+00		-4.718835592771e-02
1.413000000000e+00		-9.244142858498e-03
1.416000000000e+00		2.902985289206e-02
1.419000000000e+00		6.422472308366e-02
1.422000000000e+00		9.325030731390e-02
1.425000000000e+00		1.136065708596e-01
1.428000000000e+00		1.235987206486e-01
1.431000000000e+00		1.224775750022e-01
1.434000000000e+00		1.104936381048e-01
1.437000000000e+00		8.886120759021e-02
1.440000000000e+00		5.963694386357e-02
1.443000000000e+00		2.552492318151e-02
1.446000000000e+00		-1.037339107178e-02
1.449000000000e+00		-4.484115191007e-02
1.452000000000e+00		-7.483446226237e-02
1.455000000000e+00		-9.775118834926e-02
1.458000000000e+00		-1.116565154873e-01
1.461000000000e+00		-1.154457172687e-01
1.464000000000e+00		-1.089305058154e-01
1.467000000000e+00		-9.284236293863e-02
1.470000000000e+00		-6.875377265544e-02
1.473000000000e+00		-3.892560332499e-02
1.476000000000e+00		-6.095368694640e-03
1.479000000000e+00		2.677383692843e-02
1.482000000000e+00		5.676071619257e-02
1.485000000000e+00		8.124533625517e-02
1.488000000000e+00		9.813783020874e-02
1.491000000000e+00		1.060562898405e-01
1.494000000000e+00		1.044387574838e-01
1.497000000000e+00		9.358035022428e-02
1.500000000000e+00		7.459338176526e-02
1.503000000000e+00		4.929526269209e-02
1.506000000000e+00		2.003533790680e-02
1.509000000000e+00		-1.052290213335e-02
1.512000000000e+00		-3.964407715456e-02
1.515000000000e+00		-6.476562159570e-02
1.518000000000e+00		-8.372306063485e-02
1.521000000000e+00		-9.493607589162e-02
1.524000000000e+00		-9.753940925431e-02
1.527000000000e+00		-9.144784666716e-02
1.530000000000e+00		-7.735059250358e-02
1.533000000000e+00		-5.663673130460e-02
1.536000000000e+00		-3.125960006970e-02
1.539000000000e+00		-3.553216877554e-03
1.542000000000e+00		2.398203238334e-02
1.545000000000e+00		4.890479931304e-02
1.548000000000e+00		6.904897166574e-02
1.551000000000e+00		8.271154400072e-02
1.554000000000e+00		8.879590499777e-02
1.557000000000e+00		8.689855474292e-02
1.560000000000e+00		7.733252964085e-02
1.563000000000e+00		6.108658384935e-02
1.566000000000e+00		3.972492872832e-02
1.569000000000e+00		1.523755132466e-02
1.572000000000e+00		-1.014463801469e-02
1.575000000000e+00		-3.415270055588e-02
1.578000000000e+00		-5.468218361673e-02
1.581000000000e+00		-6.997720713355e-02
1.584000000000e+00		-7.878005627797e-02
1.587000000000e+00		-8.043359392173e-02
1.590000000000e+00		-7.492825662991e-02
1.593000000000e+00		-6.289049954678e-02
1.596000000000e+00		-4.551484033539e-02
1.599000000000e+00		-2.444664405574e-02
1.602000000000e+00		-1.627048657634e-03
1.605000000000e+00		2.088541205880e-02
1.608000000000e+00		4.110013565961e-02
1.611000000000e+00		5.727007636844e-02
1.614000000000e+00		6.804220988496e-02
1.617000000000e+00		7.256992993878e-02
1.620000000000e+00		7.057812182275e-02
1.623000000000e+00		6.237606490927e-02
1.626000000000e+00		4.881806755005e-02
1.629000000000e+00		3.121640204093e-02
1.632000000000e+00		1.121526922886e-02
1.635000000000e+00		-9.362180056343e-03
1.638000000000e+00		-2.867958343676e-02
1.641000000000e+00		-4.505083669254e-02
1.644000000000e+00		-5.708678025749e-02
1.647000000000e+00		-6.381238742846e-02
1.650000000000e+00		-6.474463631340e-02
1.653000000000e+00		-5.992496041227e-02
1.656000000000e+00		-4.990435233767e-02
1.659000000000e+00		-3.568345809321e-02
1.662000000000e+00		-1.861396274737e-02
1.665000000000e+00		-2.708844172101e-04
1.668000000000e+00		1.769222028640e-02
1.671000000000e+00		3.369187303457e-02
1.674000000000e+00		4.635379494057e-02
1.677000000000e+00		5.463035263976e-02
1.680000000000e+00		5.788635034576e-02
1.683000000000e+00		5.594623163209e-02
1.686000000000e+00		4.909934906767e-02
1.689000000000e+00		3.806377247587e-02
1.692000000000e+00		2.391279194223e-02
1.695000000000e+00		7.971503313529e-03
1.698000000000e+00		-8.306636734639e-03
1.701000000000e+00		-2.347183869763e-02
1.704000000000e+00		-3.620664078814e-02
1.707000000000e+00		-4.543982631840e-02
1.710000000000e+00		-5.043579891629e-02
1.713000000000e+00		-5.085203124014e-02
1.716000000000e+00		-4.676022036397e-02
1.719000000000e+00		-3.863011975831e-02
1.722000000000e+00		-2.727836823804e-02
1.725000000000e+00		-1.378770075341e-02
1.728000000000e+00		5.955625635118e-04
1.731000000000e+00		1.457610538445e-02
1.734000000000e+00		2.692579333668e-02
1.737000000000e+00		3.659106338763e-02
1.740000000000e+00		4.278218068746e-02
1.743000000000e+00		4.503686183844e-02
1.746000000000e+00		4.325323069626e-02
1.749000000000e+00		3.768992876828e-02
1.752000000000e+00		2.893418244831e-02
1.755000000000e+00		1.784146446991e-02
1.758000000000e+00		5.452827409602e-03
1.761000000000e+00		-7.102175376265e-03
1.764000000000e+00		-1.870798046604e-02
1.767000000000e+00		-2.836166047324e-02
1.770000000000e+00		-3.525904605853e-02
1.773000000000e+00		-3.886098080539e-02
1.776000000000e+00		-3.893432336364e-02
1.779000000000e+00		-3.556469910768e-02
1.782000000000e+00		-2.914059751649e-02
1.785000000000e+00		-2.031097459027e-02
1.788000000000e+00		-9.920823746343e-03
1.791000000000e+00		1.068975298705e-03
1.794000000000e+00		1.166998511375e-02
1.797000000000e+00		2.095464238288e-02
1.800000000000e+00		2.813692324101e-02
1.803000000000e+00		3.263827340077e-02
1.806000000000e+00		3.413333300512e-02
1.809000000000e+00		3.257193267183e-02
1.812000000000e+00		2.817604579379e-02
1.815000000000e+00		2.141264853509e-02
1.818000000000e+00		1.294555913934e-02
1.821000000000e+00		3.571116738423e-03
1.824000000000e+00		-5.856133916402e-03
1.827000000000e+00		-1.450086498227e-02
1.830000000000e+00		-2.162052221232e-02
1.833000000000e+00		-2.662858078304e-02
1.836000000000e+00		-2.914216234966e-02
1.839000000000e+00		-2.901021803420e-02
1.842000000000e+00		-2.632031995697e-02
1.845000000000e+00		-2.138406468201e-02
1.848000000000e+00		-1.470299696282e-02
1.851000000000e+00		-6.918642860398e-03
1.854000000000e+00		1.248446094890e-03
1.857000000000e+00		9.064898267119e-03
1.860000000000e+00		1.584993568973e-02
1.863000000000e+00		2.103420105758e-02
1.866000000000e+00		2.420695847860e-02
1.869000000000e+00		2.514781177492e-02
1.872000000000e+00		2.384057671832e-02
1.875000000000e+00		2.046860312913e-02
1.878000000000e+00		1.539251609169e-02
1.881000000000e+00		9.112882740350e-03
1.884000000000e+00		2.221578844557e-03
1.887000000000e+00		-4.653477474251e-03
1.890000000000e+00		-1.090510771814e-02
1.893000000000e+00		-1.600007379703e-02
1.896000000000e+00		-1.952407516573e-02
1.899000000000e+00		-2.121479226027e-02
1.902000000000e+00		-2.098040648508e-02
1.905000000000e+00		-1.890240031668e-02
1.908000000000e+00		-1.522287875743e-02
1.911000000000e+00		-1.031802492247e-02
1.914000000000e+00		-4.660487442326e-03
1.917000000000e+00		1.225604482774e-03
1.920000000000e+00		6.812762449287e-03
1.923000000000e+00		1.161701571362e-02
1.926000000000e+00		1.523941322980e-02
1.929000000000e+00		1.739863180277e-02
1.932000000000e+00		1.795207710249e-02
1.935000000000e+00		1.690397423050e-02
1.938000000000e+00		1.440015282609e-02
1.941000000000e+00		1.071042713267e-02
1.944000000000e+00		6.200547535701e-03
1.947000000000e+00		1.296564485713e-03
1.950000000000e+00		-3.554971953214e-03
1.953000000000e+00		-7.927296258310e-03
1.956000000000e+00		-1.145059440976e-02
1.959000000000e+00		-1.384285143529e-02
1.962000000000e+00		-1.493184860650e-02
1.965000000000e+00		-1.466665409756e-02
1.968000000000e+00		-1.311794401028e-02
1.971000000000e+00		-1.046750926127e-02
1.974000000000e+00		-6.988255903814e-03
1.977000000000e+00		-3.016809078056e-03
1.980000000000e+00		1.078582772499e-03
1.983000000000e+00		4.931821577167e-03
1.986000000000e+00		8.211345493931e-03
1.989000000000e+00		1.064829286000e-02
1.992000000000e+00		1.205808693873e-02
1.995000000000e+00		1.235375483083e-02
1.998000000000e+00		1.155009158047e-02
2.001000000000e+00		9.758629234385e-03
2.004000000000e+00		7.174192563606e-03
2.007000000000e+00		4.054545654353e-03
2.010000000000e+00		6.951954472087e-04
2.013000000000e+00		-2.598225008934e-03
2.016000000000e+00		-5.537443858379e-03
2.019000000000e+00		-7.876464349824e-03
2.022000000000e+00		-9.431781951644e-03
2.025000000000e+00		-1.009627993410e-02
2.028000000000e+00		-9.845804186093e-03
2.031000000000e+00		-8.738109571322e-03
2.034000000000e+00		-6.904563205365e-03
2.037000000000e+00		-4.535622415144e-03
2.040000000000e+00		-1.861622366061e-03
2.043000000000e+00		8.692316505513e-04
2.046000000000e+00		3.413595822882e-03
2.049000000000e+00		5.554387795171e-03
2.052000000000e+00		7.118998977307e-03
2.055000000000e+00		7.992821188190e-03
2.058000000000e+00		8.127067910274e-03
2.061000000000e+00		7.540421283385e-03
2.064000000000e+00		6.314607039322e-03
2.067000000000e+00		4.584538743652e-03
2.070000000000e+00		2.524132754490e-03
2.073000000000e+00		3.292380082282e-04
2.076000000000e+00		-1.800676029819e-03
2.079000000000e+00		-3.680386306912e-03
2.082000000000e+00		-5.154760717668e-03
2.085000000000e+00		-6.111249720156e-03
2.088000000000e+00		-6.488050616592e-03
2.091000000000e+00		-6.277398912988e-03
2.094000000000e+00		-5.523901090509e-03
2.097000000000e+00		-4.318271380005e-03
2.100000000000e+00		-2.787231801351e-03
2.103000000000e+00		-1.080646203198e-03
2.106000000000e+00		6.428391835424e-04
2.109000000000e+00		2.230297630753e-03
2.112000000000e+00		3.547861718348e-03
2.115000000000e+00		4.491758552879e-03
2.118000000000e+00		4.996155751917e-03
2.121000000000e+00		5.037259773821e-03
2.124000000000e+00		4.633470273799e-03
2.127000000000e+00		3.841757802447e-03
2.130000000000e+00		2.750764349742e-03
2.133000000000e+00		1.471398294030e-03
2.136000000000e+00		1.258852870734e-04
2.139000000000e+00		-1.163669028313e-03
2.142000000000e+00		-2.286154035406e-03
2.145000000000e+00		-3.150816706238e-03
2.148000000000e+00		-3.694343091580e-03
2.151000000000e+00		-3.885132767555e-03
2.154000000000e+00		-3.724519096809e-03
2.157000000000e+00		-3.244976117756e-03
2.160000000000e+00		-2.505623319115e-03
2.163000000000e+00		-1.585568685414e-03
2.166000000000e+00		-5.757992969934e-04
2.169000000000e+00		4.295750822312e-04
2.172000000000e+00		1.341901860467e-03
2.175000000000e+00		2.085623095034e-03
2.178000000000e+00		2.604329408419e-03
2.181000000000e+00		2.864765998310e-03
2.184000000000e+00		2.858536650375e-03
2.187000000000e+00		2.601474393564e-03
2.190000000000e+00		2.130861582669e-03
2.193000000000e+00		1.500868516617e-03
2.196000000000e+00		7.767224866063e-04
2.199000000000e+00		2.820748162674e-05
2.202000000000e+00		-6.768766740139e-04
2.205000000000e+00		-1.278697748594e-03
2.208000000000e+00		-1.730303245463e-03
2.211000000000e+00		-2.001074352271e-03
2.214000000000e+00		-2.078490503598e-03
2.217000000000e+00		-1.968141877010e-03
2.220000000000e+00		-1.692092119424e-03
2.223000000000e+00		-1.285839887928e-03
2.226000000000e+00		-7.942427757993e-04
2.229000000000e+00		-2.668418637561e-04
2.232000000000e+00		2.469452704875e-04
2.235000000000e+00		7.023110073831e-04
2.238000000000e+00		1.062828626555e-03
2.241000000000e+00		1.303203508264e-03
2.244000000000e+00		1.410814331497e-03
2.247000000000e+00		1.385979100947e-03
2.250000000000e+00		1.241004597626e-03
2.253000000000e+00		9.981886212025e-04
2.256000000000e+00		6.870324012539e-04
2.259000000000e+00		3.409787394390e-04
2.262000000000e+00		-5.984008658954e-06
2.265000000000e+00		-3.225214688817e-04
2.268000000000e+00		-5.826662185896e-04
2.271000000000e+00		-7.678200134515e-04
2.274000000000e+00		-8.679044634784e-04
2.277000000000e+00		-8.816110617088e-04
2.280000000000e+00		-8.157920996742e-04
2.283000000000e+00		-6.841147734655e-04
2.286000000000e+00		-5.051643753765e-04
2.289000000000e+00		-3.002236634537e-04
2.292000000000e+00		-9.097159201690e-05
2.295000000000e+00		1.026645061157e-04
2.298000000000e+00		2.643010432362e-04
2.301000000000e+00		3.823824108559e-04
2.304000000000e+00		4.508672540923e-04
2.307000000000e+00		4.692939280332e-04
2.310000000000e+00		4.422674611410e-04
2.313000000000e+00		3.784669880143e-04
2.316000000000e+00		2.893154122833e-04
2.319000000000e+00		1.874784259939e-04
2.322000000000e+00		8.536632896308e-05
2.325000000000e+00		-6.200210175709e-06
2.328000000000e+00		-7.902789943604e-05
2.331000000000e+00		-1.282005005928e-04
2.334000000000e+00		-1.522972317487e-04
2.337000000000e+00		-1.531869270973e-04
2.340000000000e+00		-1.354516399345e-04
2.343000000000e+00		-1.055316263917e-04
2.346000000000e+00		-7.070978566928e-05
2.349000000000e+00		-3.806539810419e-05
2.352000000000e+00		-1.352376381958e-05
2.355000000000e+00		-1.111100789437e-06
2.358000000000e+00		-2.495273033587e-06
2.361000000000e+00		-1.685619672028e-05
2.364000000000e+00		-4.108944876200e-05
2.367000000000e+00		-7.030725426460e-05
2.370000000000e+00		-9.856697780422e-05
2.373000000000e+00		-1.197321055063e-04
2.376000000000e+00		-1.283570270754e-04
2.379000000000e+00		-1.204859446583e-04
2.382000000000e+00		-9.426777543585e-05
2.385000000000e+00		-5.031144847378e-05
2.388000000000e+00		8.263165979982e-06
2.391000000000e+00		7.608785362888e-05
2.394000000000e+00		1.460949641562e-04
2.397000000000e+00		2.102922840337e-04
2.400000000000e+00		2.606772508790e-04
2.403000000000e+00		2.901872896856e-04
2.406000000000e+00		2.935778920823e-04
2.409000000000e+00		2.681268523204e-04
2.412000000000e+00		2.140810509858e-04
2.415000000000e+00		1.347893860200e-04
2.418000000000e+00		3.649896760432e-05
2.421000000000e+00		-7.217205850510e-05
2.424000000000e+00		-1.810365680216e-04
2.427000000000e+00		-2.793366233806e-04
2.430000000000e+00		-3.568367490513e-04
2.433000000000e+00		-4.048995128075e-04
2.436000000000e+00		-4.174305033356e-04
2.439000000000e+00		-3.915914581143e-04
2.442000000000e+00		-3.282025826734e-04
2.445000000000e+00		-2.317857749225e-04
2.448000000000e+00		-1.102364270317e-04
2.451000000000e+00		2.585092031388e-05
2.454000000000e+00		1.641423658964e-04
2.457000000000e+00		2.917195158349e-04
2.460000000000e+00		3.963182112711e-04
2.463000000000e+00		4.675299835667e-04
2.466000000000e+00		4.978471911423e-04
2.469000000000e+00		4.834467336127e-04
2.472000000000e+00		4.246317111426e-04
2.475000000000e+00		3.258830280093e-04
2.478000000000e+00		1.955105460924e-04
2.481000000000e+00		4.493229774885e-05
2.484000000000e+00		-1.123533427036e-04
2.487000000000e+00		-2.620073224398e-04
2.490000000000e+00		-3.901849540126e-04
2.493000000000e+00		-4.848397910363e-04
2.496000000000e+00		-5.368718569502e-04
2.499000000000e+00		-5.410098115126e-04
2.502000000000e+00		-4.963413644565e-04
2.505000000000e+00		-4.064392701969e-04
2.508000000000e+00		-2.790684013154e-04
2.511000000000e+00		-1.254990499361e-04
2.514000000000e+00		4.051104513861e-05
2.517000000000e+00		2.039719655062e-04
2.520000000000e+00		3.500375755558e-04
2.523000000000e+00		4.653739703697e-04
2.526000000000e+00		5.393926875199e-04
2.529000000000e+00		5.652334863413e-04
2.532000000000e+00		5.404048562473e-04
2.535000000000e+00		4.670223798848e-04
2.538000000000e+00		3.516226150086e-04
2.541000000000e+00		2.045697241514e-04
2.544000000000e+00		3.910995082830e-05
2.547000000000e+00		-1.298383306781e-04
2.550000000000e+00		-2.870469135237e-04
2.553000000000e+00		-4.183664941299e-04
2.556000000000e+00		-5.120138664315e-04
2.559000000000e+00		-5.596394244494e-04
2.562000000000e+00		-5.570775712611e-04
2.565000000000e+00		-5.047123071309e-04
2.568000000000e+00		-4.074260587591e-04
2.571000000000e+00		-2.741383533101e-04
2.574000000000e+00		-1.169786415535e-04
2.577000000000e+00		4.982905367104e-05
2.580000000000e+00		2.112660022746e-04
2.583000000000e+00		3.528832322707e-04
2.586000000000e+00		4.621055899469e-04
2.589000000000e+00		5.293568329872e-04
2.592000000000e+00		5.489044825791e-04
2.595000000000e+00		5.193496035278e-04
2.598000000000e+00		4.437197610226e-04
2.601000000000e+00		3.291600128661e-04
2.604000000000e+00		1.862535366110e-04
2.607000000000e+00		2.803698564699e-05
2.610000000000e+00		-1.311971245520e-04
2.613000000000e+00		-2.772002084548e-04
2.616000000000e+00		-3.970506161849e-04
2.619000000000e+00		-4.803036667025e-04
2.622000000000e+00		-5.199058729820e-04
2.625000000000e+00		-5.127931021936e-04
2.628000000000e+00		-4.601220457183e-04
2.631000000000e+00		-3.671182653734e-04
2.634000000000e+00		-2.425590853152e-04
2.637000000000e+00		-9.794250469355e-05
2.640000000000e+00		5.357886047688e-05
2.643000000000e+00		1.983995075063e-04
2.646000000000e+00		3.236881512551e-04
2.649000000000e+00		4.185290709346e-04
2.652000000000e+00		4.748758350444e-04
2.655000000000e+00		4.882339214651e-04
2.658000000000e+00		4.580144428637e-04
2.661000000000e+00		3.875317498943e-04
2.664000000000e+00		2.836502668448e-04
2.667000000000e+00		1.561175265592e-04
2.670000000000e+00		1.664815836972e-05
2.673000000000e+00		-1.221549181107e-04
2.676000000000e+00		-2.479424807197e-04
2.679000000000e+00		-3.497204228668e-04
2.682000000000e+00		-4.188121600062e-04
2.685000000000e+00		-4.495977036519e-04
2.688000000000e+00		-4.399665905681e-04
2.691000000000e+00		-3.914486791094e-04
2.694000000000e+00		-3.090164467962e-04
2.697000000000e+00		-2.005821147522e-04
2.700000000000e+00		-7.623999870973e-05
2.703000000000e+00		5.267345927798e-05
2.706000000000e+00		1.746143939799e-04
2.709000000000e+00		2.788664073957e-04
2.712000000000e+00		3.564827837515e-04
2.715000000000e+00		4.010531887208e-04
2.718000000000e+00		4.092293130140e-04
2.721000000000e+00		3.809668015350e-04
2.724000000000e+00		3.194671008906e-04
2.727000000000e+00		2.308301233857e-04
2.730000000000e+00		1.234543870863e-04
2.733000000000e+00		7.243255614779e-06
2.736000000000e+00		-1.073078372962e-04
2.739000000000e+00		-2.100590874305e-04
2.742000000000e+00		-2.921233907570e-04
2.745000000000e+00		-3.466334897191e-04
2.748000000000e+00		-3.693131570726e-04
2.751000000000e+00		-3.588052993733e-04
2.754000000000e+00		-3.167326254336e-04
2.757000000000e+00		-2.474910029685e-04
2.760000000000e+00		-1.577995810891e-04
2.763000000000e+00		-5.605304365217e-05
2.766000000000e+00		4.846187880117e-05
2.769000000000e+00		1.464126827920e-04
2.772000000000e+00		2.292531474073e-04
2.775000000000e+00		2.899671154573e-04
2.778000000000e+00		3.236594697218e-04
2.781000000000e+00		3.279448759404e-04
2.784000000000e+00		3.031040625530e-04
2.787000000000e+00		2.519988858310e-04
2.790000000000e+00		1.797592079970e-04
2.793000000000e+00		9.327473323069e-05
2.796000000000e+00		5.416344066904e-07
2.799000000000e+00		-9.007435672963e-05
2.802000000000e+00		-1.705906815826e-04
2.805000000000e+00		-2.341089580319e-04
2.808000000000e+00		-2.754029126543e-04
2.811000000000e+00		-2.913434535436e-04
2.814000000000e+00		-2.811268322746e-04
2.817000000000e+00		-2.462902524012e-04
2.820000000000e+00		-1.905186483778e-04
2.823000000000e+00		-1.192649240561e-04
2.826000000000e+00		-3.922205972604e-05
2.829000000000e+00		4.230221353958e-05
2.832000000000e+00		1.180500205614e-04
2.835000000000e+00		1.814570100818e-04
2.838000000000e+00		2.272182327588e-04
2.841000000000e+00		2.517277448172e-04
2.844000000000e+00		2.533559441359e-04
2.847000000000e+00		2.325440381972e-04
2.850000000000e+00		1.917118859751e-04
2.853000000000e+00		1.349922040248e-04
2.856000000000e+00		6.781928435568e-05
2.859000000000e+00		-3.587377108252e-06
2.862000000000e+00		-7.279581831797e-05
2.865000000000e+00		-1.337382368428e-04
2.868000000000e+00		-1.812400555964e-04
2.871000000000e+00		-2.114555782786e-04
2.874000000000e+00		-2.221739279885e-04
2.877000000000e+00		-2.129714939800e-04
2.880000000000e+00		-1.852014306783e-04
2.883000000000e+00		-1.418255318105e-04
2.886000000000e+00		-8.710770742150e-05
2.889000000000e+00		-2.620010351950e-05
2.892000000000e+00		3.533837555575e-05
2.895000000000e+00		9.204644797406e-05
2.898000000000e+00		1.390422337238e-04
2.901000000000e+00		1.724401990017e-04
2.904000000000e+00		1.896679804031e-04
2.907000000000e+00		1.896577055910e-04
2.910000000000e+00		1.728983160330e-04
2.913000000000e+00		1.413481557552e-04
2.916000000000e+00		9.821955410596e-05
2.919000000000e+00		4.765819566454e-05
2.922000000000e+00		-5.651211459520e-06
2.925000000000e+00		-5.691579792726e-05
2.928000000000e+00		-1.016625712240e-04
2.931000000000e+00		-1.361256616089e-04
2.934000000000e+00		-1.575595389768e-04
2.937000000000e+00		-1.644525192193e-04
2.940000000000e+00		-1.566245024589e-04
2.943000000000e+00		-1.352036583793e-04
2.946000000000e+00		-1.024877008983e-04
2.949000000000e+00		-6.170549628818e-05
2.952000000000e+00		-1.670314881459e-05
2.955000000000e+00		2.841529265939e-05
2.958000000000e+00		6.965922838941e-05
2.961000000000e+00		1.035016457999e-04
2.964000000000e+00		1.271775416351e-04
2.967000000000e+00		1.389056888898e-04
2.970000000000e+00		1.380163835478e-04
2.973000000000e+00		1.249766962607e-04
2.976000000000e+00		1.013141272832e-04
2.979000000000e+00		6.944856889867e-05
2.982000000000e+00		3.245032673697e-05
2.985000000000e+00		-6.252023905593e-06
2.988000000000e+00		-4.318644895796e-05
2.991000000000e+00		-7.514627742202e-05
2.994000000000e+00		-9.946580602875e-05
2.997000000000e+00		-1.142392651155e-04
3.000000000000e+00		-1.184654953544e-04
